12141.00
147832.00
17298.34
21216.00
7023.00
6474.41
18496.33
10860.00
4305.52
500.00
1490.06
1569.10
537.65
13628.39
11093.00
4792.55
6896.00
1215.00
12238.00
500.00
21611.00
27772.00
116480.00
5984.63
48429.34
7728.57
9089.85
7299.33
2804.18
1379.39
1105.00
2547.00
28118.00
500.00
500.35
2727.08
2525.00
1994.98
8584.99
3213.40
3458.71
57797.00
500.00
500.00
568.85
382.00
53115.50
50000.00
22392.00
15547.10
10444.11
3618.69
8005.00
7320.08
1000.00
5135.68
367.64
500.00
500.00
500.00
2015.57
496.99
7175.04
3530.29
12330.95
17147.46
90.00
500.00
19347.75
11156.00
5691.31
17500.00
500.00
44899.25
2934.17
14093.21
3608.68
386.21
2999.50
3149.99
9087.60
24958.31
681175.39
12618.31
12495.91
20378.47
21711.33
4414.85
56617.30
22521.41
294115.96
46768.75
70930.00
21486.81
9836.00
4802.42
6900.27
3853.95
93434.67
13927.55
70482.50
4639.78
37933.87
117645.00
