12141.00
147832.00
17298.34
21216.00
7023.00
6474.41
18496.33
10860.00
4305.52
500.00
1490.06
1569.10
537.65
13628.39
11093.00
4792.55
6896.00
1215.00
12238.00
500.00
21611.00
27772.00
116480.00
5984.63
48429.34
7728.57
9089.85
7299.33
2804.18
1379.39
1105.00
2547.00
28118.00
500.00
500.35
2727.08
2525.00
1994.98
8584.99
3213.40
3458.71
57797.00
500.00
500.00
568.85
382.00
53115.50
50000.00
22392.00
15547.10
10444.11
3618.69
8005.00
7320.08
1000.00
5135.68
367.64
500.00
500.00
500.00
2015.57
496.99
7175.04
3530.29
12330.95
17147.46
90.00
500.00
19347.75
11156.00
5691.31
17500.00
500.00
44899.25
2934.17
14093.21
3608.68
386.21
2999.50
3149.99
9087.60
24958.31
681175.39
12618.31
12495.91
20378.47
21711.33
4414.85
56617.30
22521.41
294115.96
46768.75
70930.00
21486.81
9836.00
4802.42
6900.27
3853.95
93434.67
13927.55
70482.50
4639.78
37933.87
117645.00
74235.00
188528.22
8568.33
8018.45
5184.71
49491.92
500.00
965.03
16199.41
6545.57
2272.07
9318.16
117949.07
14590.05
4090.46
4788.80
9567.63
16165.89
17298.34
3473.00
6474.41
13261.67
3575.14
4552.00
150.00
500.00
1439.33
124.04
3201.70
13581.97
21329.80
5042.92
3352.00
8634.31
3848.89
5662.00
500.00
7140.69
47852.76
4365.00
9156.44
7572.14
7212.33
2455.93
1322.33
2071.00
9244.03
48903.00
500.00
500.00
3535.00
2291.96
8584.99
5833.14
3340.95
10158.00
500.00
626.40
2550.00
1320.14
9154.24
7756.42
14401.04
18399.39
3495.49
6636.00
7321.58
500.00
500.00
500.00
500.00
265.00
500.00
1946.95
500.00
500.00
8255.97
10265.46
4587.99
12192.90
500.00
12299.01
15602.00
4520.33
3638.61
1205.44
10158.00
1171.39
500.00
1500.00
8015.66
20226.76
2000.00
4816.00
9566.67
4097.77
121575.00
22134.63
4316.41
2727.08
7586.11
32459.50
21028.56
18251.40
4030.93
19044.09
120093.60
41287.81
230.00
15262.42
5151.00
24693.00
4085.00
2713.00
6474.41
500.00
168632.95
50.00
500.00
2222.44
3021.17
12937.87
18286.59
5195.53
6841.00
3349.72
500.00
0.56
4069.00
8625.00
9248.69
500.00
6396.58
3450.00
1899.00
121500.00
64942.14
927.95
7574.98
9085.09
2121.05
4449.00
2603.91
500.00
500.00
4452.08
3450.00
500.00
4797.50
19695.00
3228.69
303000.00
500.00
354.94
605.36
220.00
18610.50
8846.64
7756.42
8086.39
5137.51
138.07
500.00
500.00
500.00
500.00
500.00
1924.84
227.25
9325.01
4561.14
2326.25
3275.00
500.00
535.00
230.00
36676.66
230.00
87626.77
106499.41
144409.00
4196.65
14389.11
22124.13
5035.85
4342.64
23229.04
26390.57
27970.00
302993.47
2019.97
4690.00
3222.00
6474.41
94702.00
500.00
500.00
24581.03
19356.00
52710.00
500.00
3507.00
58017.29
3353.00
500.00
5678.78
4480.00
2990.00
238590.47
131508.17
500.00
30868.42
5046.41
22649.13
1798.12
1505.00
7565.68
54620.00
2517.28
500.00
500.00
3648.17
19750.25
1514.50
1630.29
3121.27
90801.00
500.00
585.22
3785.05
240.00
8552.32
153488.42
8542.39
5664.00
7362.04
500.00
798.55
500.00
42.26
500.00
1860.76
1854.40
9606.38
21556.50
2467.45
19521.52
4732.91
500.00
3817.00
500.00
7141.00
1748.00
6190.00
53509.28
84.69
17422.96
5289.70
8584.00
24274.61
11611.40
4121.52
14403.99
8584.74
28407.77
8130.34
12304.41
4088.34
2324.75
500.00
11464.51
698.26
1342.20
13610.98
11371.87
35691.55
17924.13
7431.00
8086.00
5133.44
3450.00
3384.87
3450.00
162546.11
500.00
546.18
121015.76
1737.26
151.00
2432.21
3534.52
500.00
3447.51
500.00
500.00
500.00
3015.79
58110.00
478.72
565.44
540.00
4016.77
8263.29
6302.10
17281.42
8276.39
6090.00
1963.45
3022.49
1668.39
451.87
82.60
6565.00
751.60
1797.87
500.00
500.00
9527.34
12351.96
4572.95
10136.00
500.00
500.00
55564.00
79.86
5820.32
2333.00
3502.00
30975.00
7200.00
6221.06
230.00
530.00
3818.10
1363.36
2092.66
77845.48
1343.63
5050.00
53537.72
3172.00
6474.45
6381.56
28214.47
9087.15
500.00
500.00
3450.00
500.00
500.00
52146.25
38592.33
3450.00
500.00
3190.00
40448.08
165900.00
155556.16
500.00
500.00
3450.00
9088.76
709.79
500.00
887.40
5695.38
44616.81
1679.46
13015.00
14768.28
4525.70
7573.26
500.00
500.00
500.00
200.50
500.00
25157.00
3459.76
3450.00
3450.00
500.00
1099.91
1568.22
500.00
18195.42
19476.39
1969.00
3300.98
2991.93
1738.06
2927.75
5403.78
47599.39
5160.52
3250.00
500.00
500.00
11833.00
4722.72
4544.36
500.00
6190.00
38500.00
4461.57
14132.00
10500.00
3749.81
6355.00
1556.00
42710.44
181800.00
881.00
3725.89
858.50
2354.87
3525.00
49826.48
54997.23
1043.94
2392.64
5050.00
390.00
4544.00
3030.00
1286.89
8465.67
